2
20
100
1
20
0 0 0 0 0 0 0 0 0 1 0 1 0 0 0 0 0 0 0 1
0 0 1 0 0 0 0 0 0 0 0 0 0 0 0 0 0 0 0 0
0 1 0 0 0 0 0 0 0 0 0 0 0 0 0 0 1 1 0 0
0 0 0 0 0 0 0 0 0 0 0 0 0 0 0 0 0 0 0 1
0 0 0 0 0 0 0 0 0 0 0 1 1 1 0 0 0 0 0 0
0 0 0 0 0 0 0 0 0 0 0 0 1 0 0 0 0 0 0 0
0 0 0 0 0 0 0 0 1 0 0 0 0 0 0 0 1 0 1 0
0 0 0 0 0 0 0 0 0 0 0 1 0 0 0 1 0 0 0 0
0 0 0 0 0 0 1 0 0 0 1 0 0 0 0 0 0 0 0 0
1 0 0 0 0 0 0 0 0 0 0 0 0 0 0 0 0 0 0 0
0 0 0 0 0 0 0 0 1 0 0 0 0 0 0 0 0 0 0 0
1 0 0 0 1 0 0 1 0 0 0 0 0 0 0 0 0 1 0 0
0 0 0 0 1 1 0 0 0 0 0 0 0 0 0 0 0 0 0 0
0 0 0 0 1 0 0 0 0 0 0 0 0 0 1 0 0 0 0 0
0 0 0 0 0 0 0 0 0 0 0 0 0 1 0 0 0 0 0 0
0 0 0 0 0 0 0 1 0 0 0 0 0 0 0 0 0 0 0 0
0 0 1 0 0 0 1 0 0 0 0 0 0 0 0 0 0 0 0 0
0 0 1 0 0 0 0 0 0 0 0 1 0 0 0 0 0 0 0 0
0 0 0 0 0 0 1 0 0 0 0 0 0 0 0 0 0 0 0 0
1 0 0 1 0 0 0 0 0 0 0 0 0 0 0 0 0 0 0 0
25
4 pac 0 org 15 dst 16
5 pac 1 org 19 dst 13
8 pac 2 org 17 dst 13
10 pac 3 org 11 dst 9
15 pac 4 org 18 dst 5
20 pac 5 org 12 dst 11
22 pac 6 org 4 dst 1
28 pac 7 org 14 dst 15
33 pac 8 org 12 dst 7
42 pac 9 org 11 dst 13
42 pac 10 org 3 dst 11
51 pac 11 org 11 dst 5
54 pac 12 org 4 dst 16
60 pac 13 org 11 dst 18
62 pac 14 org 18 dst 7
65 pac 15 org 9 dst 18
74 pac 16 org 16 dst 6
77 pac 17 org 11 dst 19
86 pac 18 org 3 dst 10
95 pac 19 org 13 dst 11
101 pac 20 org 7 dst 19
101 pac 21 org 16 dst 13
102 pac 22 org 3 dst 4
108 pac 23 org 19 dst 17
110 pac 24 org 1 dst 16